544 36 59 61
165 45 49 44
311 44 33 21
444 45 3 3
449 45 3 3
345 49 3 3
434 48 3 3
453 50 10 5
464 51 3 3
41 53 48 33
463 55 9 8
431 56 16 8
459 60 3 3
453 66 3 4
460 69 3 3
469 68 3 3
455 72 7 5
466 74 3 3
442 77 5 4
432 78 3 3
459 82 3 3
450 85 3 3
301 161 39 50
556 168 43 51
172 170 41 33
57 175 22 16
429 175 40 42
50 185 5 7
426 296 54 45
168 299 45 49
564 300 26 39
71 315 21 30
561 423 30 58
431 425 41 39
315 428 19 51
45 431 36 43
172 435 55 35
561 543 31 57
171 550 53 39
430 551 22 21
291 553 54 55
