302 32 26 38
429 36 44 61
548 42 59 47
39 44 51 33
190 51 28 30
298 163 54 49
445 162 9 14
456 165 6 6
548 164 59 62
436 167 10 9
463 166 4 4
432 174 5 4
446 175 23 14
47 178 47 49
434 181 6 11
163 184 48 36
428 188 3 6
454 189 11 6
444 191 16 20
465 193 8 9
435 194 7 9
460 195 4 5
459 201 3 3
449 203 3 3
442 204 4 4
434 207 3 3
179 290 43 54
42 298 24 10
427 305 33 33
42 307 3 3
54 311 3 3
39 312 6 15
46 312 19 19
67 314 6 7
331 318 3 3
576 319 33 31
46 325 3 5
68 327 5 4
49 330 3 3
55 331 6 6
65 333 3 3
426 333 3 3
47 334 3 3
42 418 41 52
555 421 42 61
186 434 27 29
426 435 36 41
306 453 9 8
305 459 3 3
311 462 6 4
166 541 57 67
308 546 25 42
568 547 29 51
444 554 4 6
436 559 4 5
451 558 3 3
53 561 39 39
449 563 4 4
452 567 9 5
435 568 3 3
443 573 3 3
453 573 9 10
462 573 3 3
448 575 3 3
439 576 6 6
446 580 5 4
