288 36 61 63
438 39 23 47
591 43 3 3
43 44 45 34
586 44 3 3
588 50 9 6
585 57 3 3
575 58 4 3
589 61 3 3
575 64 9 13
181 69 20 24
571 70 3 3
579 79 5 3
296 160 53 65
547 161 62 65
425 166 38 52
30 170 61 53
181 193 39 21
576 290 23 29
50 296 40 50
297 298 30 37
440 304 33 30
189 314 36 38
457 333 6 4
464 332 7 4
34 417 60 62
180 427 45 41
564 430 28 52
305 449 13 18
319 462 6 4
291 557 38 39
415 556 58 39
48 559 30 40
546 560 41 43
197 565 3 3
181 566 10 15
191 569 10 17
203 569 5 3
172 570 6 4
216 573 4 4
164 575 3 3
173 575 7 10
166 577 6 7
205 576 7 8
202 581 3 3
216 580 3 3
181 582 12 8
172 586 3 3
193 586 4 5
200 587 4 5
211 586 3 3
