36 39 57 46
414 39 63 52
549 41 54 53
301 63 42 31
172 162 21 27
558 163 41 56
35 168 42 47
424 172 41 45
293 177 49 45
292 290 43 45
37 301 49 53
160 302 41 43
547 303 52 29
418 309 62 27
51 415 32 47
542 419 61 63
436 422 3 3
439 424 5 8
433 428 3 6
184 431 27 35
431 435 6 5
440 434 3 4
311 443 34 34
427 545 32 58
48 559 3 3
56 558 3 3
52 560 3 3
185 560 5 4
299 561 40 33
51 565 5 7
57 565 6 4
67 566 3 3
181 566 14 31
547 568 52 29
48 573 6 3
61 574 6 5
78 575 3 3
54 576 6 8
64 579 9 9
76 582 4 3
71 585 17 11
63 587 4 4
194 586 3 3
72 596 3 3
